<tab:data_count>
           47.000000
           30.000000
          260.000000
<tab:elast_of_subs>
           -1.541267
            0.052137
<tab:price_effect>
           -0.307007
            0.009422
           -0.490050
<tab:cross_market_corr>
            0.907131	            0.827523	                   .	            0.069258	            0.120344	                   .
            0.508468	            0.322624	            0.069543	            0.257477	            0.224616	            0.105100
            0.415974	            0.242203	            0.031720	            0.267494	            0.228280	            0.045687
            0.436109	            0.283005	            0.009032	            0.309861	            0.194669	            0.006878
           -0.504308	            0.317479	            0.077620	            0.255598	            0.217166	            0.050780
            0.759451	            0.623600	            0.382035	            0.220111	            0.274791	            0.427992
                   .	                   .	            0.061349	                   .	                   .	            0.042119
