<tab:secondary_is_migrant>
            0.745629	            0.638916	            0.000010
            0.020178	            0.013171	                   .
            0.872742	            0.756262	            0.000001
            0.016415	            0.017324	                   .
            0.885395	            0.817377	            0.023110
            0.014467	            0.026215	                   .
            0.908143	            0.913580	            0.903720
            0.016996	            0.041605	                   .
<tab:education_college_plus>
            0.687390	            0.708784	            0.096962
            0.008554	            0.009642	                   .
            0.816805	            0.804729	            0.390204
            0.009470	            0.010383	                   .
            0.855413	            0.867473	            0.409782
            0.009593	            0.011047	                   .
            0.895770	            0.886526	            0.627550
            0.011241	            0.015382	                   .
<tab:income_over_median>
            0.706039	            0.684766	            0.099450
            0.008504	            0.009716	                   .
            0.789991	            0.832380	            0.002453
            0.009927	            0.009864	                   .
            0.845470	            0.878117	            0.024603
            0.009888	            0.010640	                   .
            0.881886	            0.909196	            0.142091
            0.011625	            0.014523	                   .
<tab:male>
            0.699048	            0.689775	            0.535340
            0.007346	            0.013031	                   .
            0.812355	            0.807844	            0.786377
            0.007970	            0.014613	                   .
            0.862299	            0.855224	            0.676360
            0.008311	            0.014770	                   .
            0.896626	            0.879589	            0.423284
            0.010405	            0.018559	                   .
<tab:sqdif_over_median>
            0.613222	            0.696583	            0.023388
            0.036241	            0.006218	                   .
            0.698320	            0.811418	            0.003239
            0.037826	            0.006698	                   .
            0.744661	            0.866477	            0.002100
            0.038992	            0.006938	                   .
            0.796657	            0.900924	            0.031774
            0.047772	            0.008699	                   .
<tab:sdstateshare_over_median>
            0.577366	            0.730020	            0.000000
            0.012647	            0.007003	                   .
            0.718550	            0.835301	            0.000000
            0.013632	            0.007535	                   .
            0.777944	            0.889521	            0.000000
            0.013940	            0.007834	                   .
            0.847404	            0.913975	            0.000804
            0.017243	            0.009857	                   .
<tab:Years_bp_placebo>
            0.006757	            0.009169	            0.013436
            0.001057	            0.002011	            0.006440
            0.670465	            0.587323	            0.535794
            0.052574	            0.055070	            0.062355
            0.002850	            0.003376	            0.006023
            0.001270	            0.001495	            0.001712
            0.751005	            0.711967	            0.574562
            0.060800	            0.068498	            0.081754
           52.000000	           25.000000	           13.000000
        86805.000000	        41695.000000	        20143.000000
<tab:YearsFGLS>
            0.101107	            0.081483	            0.077533	                   .	            0.092573
            0.009058	            0.009474	            0.010139	                   .	            0.016361
           -0.008871	           -0.007723	           -0.007184	                   .	           -0.009223
            0.001145	            0.001196	            0.001294	                   .	            0.003640
                   .	           -0.019001	                   .	           -0.019804	           -0.013091
                   .	            0.005627	                   .	            0.005590	            0.008235
            0.622620	            0.708194	                   .	                   .	            0.669759
            0.030302	            0.027033	                   .	                   .	            0.037355
          238.000000	          238.000000	          238.000000	          238.000000	          238.000000
       528621.000000	       528621.000000	       528621.000000	       528621.000000	       212957.000000
