<tab:samp_year>
         2006.000000	           10.000000
         2008.000000	           10.000000
<tab:num_hhld_final>
        38098.000000
<tab:desc_purch_hist>
        48501.000000
        51316.000000
          382.000000
<tab:desc_survey>
           50.000000
        48951.000000
        80077.000000
        75221.000000
            0.650762
<tab:perc_move>
            0.163106
<tab:samp_which_year>
          115.000000
          111.000000
<tab:reg_early_late>
            0.093147	            0.059860	            1.556067	            0.121027	           -0.024780	            0.211073
            0.414376	            0.048609	            8.524742	            0.000000	            0.318616	            0.510136
<tab:reg_age_move>
            0.005251	            0.005852	            0.897307	            0.370485
<tab:move_before_brands_introduced>
            0.000056	            0.012222	            0.004786
            0.701136	            0.641788	            0.734756
            0.148578	            0.156356	            0.262671
            0.000070	            0.011818	            0.077417
<tab:corr_social_ad>
           -0.023428
