<Tab:Struct_Catchup>
10	18	26	34	40
10	4	2	1	1
27	12	6	3	1
33	19	10	5	2
36	23	13	7	3
37	26	16	9	4
<Tab:Struct>
0.62648
0.024778
0.97485
0.0063586
0.63609
0.012994
27.213
0.88506
<Tab:Struct_Split>
0.65626	0.49357	0.16269	0.6755	0.54632	0.12917
0.030674	0.02951	0.043034	0.033826	0.026271	0.043683
0.97636	0.96525	0.011105	0.98324	0.96394	0.019305
0.010237	0.012254	0.01608	0.0086023	0.011038	0.013694
<Tab:Robustness>
0.62648	0.97485	10	27.213
0.62736	0.97463	10	26.97
0.62556	0.97454	10	26.873
0.62709	0.97499	10	27.365
0.62491	0.97074	10	23.344
0.6174	0.9739	10	26.205
0.60619	0.96875	11	21.832
<Tab:ExtraSplits>
0.66848	0.98217	7	38.518
0.55272	0.96232	15	18.045
0.58028	0.97467	14	27.017
0.64065	0.97422	9	26.542
0.48003	0.97101	25	23.565
0.66727	0.97234	6	24.709
<Tab:Generations>
0.63383	0.96386	8	18.833
0.63156	0.95884	8	16.492
0.62984	0.9569	8	15.734
